23 1
26 1
30 1
34 1
48 1 
55 1
56 1
58 1
61 1
77 1
86 1 
94 1
23 2
30 2
32 2
48 2
93 2
94 2
5 3
24 3
26 3 
40 3
47 3
49 3
53 3
55 3
68 3
70 3
88 3
102 3
4 4
7 4
9 4
23 4
30 4
34 4
48 4
49 4
69 4
94 4
95 4
101 4
102 4
1 5
4 5
8 5
11 5
13 5
23 5
27 5
30 5
34 5
48 5
53 5
56 5
63 5
68 5
70 5
85 5
86 5
90 5
92 5
93 5
95 5
1 6
4 6
8 6
11 6
13 6
23 6
27 6
30 6
34 6
48 6
49 6
53 6
56 6
58 6
63 6
68 6
70 6
72 6
75 6
85 6
86 6
4 7
8 7
9 7
12 7
23 7
25 7
34 7
35 7
41 7
43 7
45 7
46 7
47 7
48 7
49 7
53 7
55 7
56 7
63 7
70 7
74 7
94 7
95 7
102 7
4 8
7 8
8 8
9 8
23 8
26 8
34 8
35 8
38 8
43 8
45 8
48 8
51 8
53 8
56 8
64 8
74 8
87 8
88 8
91 8
93 8
94 8
95 8
9 9
20 9
23 9
30 9
31 9
60 9
77 9
4 10
8 10
25 10
29 10
32 10
35 10
43 10
45 10
46 10
47 10
48 10
52 10
53 10
55 10
56 10
63 10
70 10
74 10
75 10
93 10
94 10
95 10
102 10
4 11
8 11
11 11
23 11
34 11
35 11
43 11
45 11
48 11
49 11
51 11
52 11
53 11
55 11
56 11
59 11
68 11
70 11
72 11
90 11
93 11
94 11
95 11
102 11
2 12
24 12
25 12
26 12
30 12
39 12
41 12
42 12
49 12
52 12
69 12
71 12
75 12
2 13
24 13
26 13
37 13
39 13
41 13
43 13
44 13
45 13
49 13
56 13
58 13
62 13
63 13
69 13
71 13
75 13
79 13
94 13
95 13
102 13
2 14
11 14
23 14
26 14
30 14
34 14
35 14
37 14
41 14
43 14
44 14
48 14
49 14
56 14
58 14
62 14
63 14
69 14
71 14
75 14
79 14
94 14
95 14
102 14
8 15
24 15
25 15
26 15
43 15
46 15
55 15
56 15
68 15
70 15
75 15
95 15
1 16
4 16
8 16
11 16
13 16
23 16
24 13
30 16
32 16
34 16
43 16
44 16
53 16
70 16
71 16
75 16
86 16
93 16
94 16
95 16
4 17
8 17
11 17
23 17
25 17
30 17
34 17
40 17
41 17
43 17
48 17
49 17
53 17
63 17
68 17
70 17
72 17
94 17
1 18
11 18
13 18
22 18
23 18
25 18
28 18
33 18
34 18
36 18
40 18
42 18
44 18
48 18
63 18
7 19
9 19
23 19
26 19
31 19
34 19
55 19
56 19
58 19
63 19
74 19
86 19
94 19
11 20
23 20
25 20
34 20
35 20
41 20
42 20
43 20
46 20
47 20
63 20
23 21
24 21
30 21
34 21
39 21
41 21
43 21
49 21
56 21
69 21
71 21
75 21
77 21
102 21
23 22
24 22
30 22
34 22
39 22
40 22
41 22
43 22
49 22
56 22
69 22
71 22
75 22
77 22
91 22
102 22
31 23
34 23
56 23
58 23
61 23
63 23
23 24
27 24
34 24
35 24
37 24
41 24
43 24
45 24
48 24
56 24
101 24
7 25
9 25
11 25
23 25
40 25
42 25
47 25
29 26
30 26
55 26
56 26
58 26
63 26
68 26
74 26
75 26
7 27
9 27
11 27
23 27
26 27
34 27
43 27
47 27
48 27
49 27
58 27
69 27
71 27
94 27
23 28
43 28
48 28
56 28
58 28
63 28
79 28
94 28
23 29
43 29
48 29
56 29
58 29
63 29
79 29
94 29
4 30
11 30
23 30
26 30
30 30
34 30
40 30
41 30
43 30
45 30
48 30
56 30
58 30
63 30
94 30
22 31
20 31
46 31
48 31
67 31
45 32
48 32
54 32
56 32
59 32
63 32
72 32
73 32
94 32
23 33
34 33
41 33
43 33
45 33
47 33
48 33
49 33
56 33
58 33
63 33
69 33
70 33
72 33
93 33
94 33
9 34
45 34
48 34
56 34
64 34
93 34
94 34
1 35
2 35
4 35
11 35
13 35
23 35
24 35
34 35
46 35
49 35
62 35
69 35
71 35
75 35
94 35
102 35
1 36
3 36
6 36
7 36
9 36
12 36
13 36
20 36
22 36
23 36
25 36
28 36
33 36
34 36
35 36
36 36
38 36
40 36
45 36
46 36
47 36
48 36
49 36
56 36
58 36
11 37
23 37
25 37
30 37
34 37
49 37
55 37
56 37
63 37
69 37
74 37
95 37
6 38
23 38
28 38
36 38
45 38
47 38
9 39
23 39
34 39
49 39
56 39
58 39
63 39
94 39
23 40
26 40
34 40
43 40
47 40
48 40
49 40
56 40
58 40
63 40
69 40
93 40
94 40
2 41
23 41
40 41
42 41
46 41
47 41
48 41
49 41
54 41
56 41
58 41
59 41
63 41
69 41
71 41
72 41
73 41
79 41
23 42
34 42
48 42
58 42
63 42
94 42
4 43
8 43
11 43
15 43
19 43
21 43
22 43
23 43
25 43
26 43
34 43
35 43
36 43
37 43
40 43
41 43
43 43
45 43
46 43
48 43
56 43
63 43
88 43
92 43
102 43
7 44
9 44
11 44
20 44
23 44
34 44
37 44
40 44
42 44
43 44
48 44
49 44
56 44
58 44
63 44
81 44
82 44
83 44
84 44
93 44
5 45
8 45
26 45
32 45
37 45
44 45
45 45
51 45
55 45
56 45
58 45
61 45
63 45
74 45
88 45
89 45
90 45
92 45
102 45
4 46
26 46
29 46
32 46
37 46
44 46
45 46
51 46
55 46
56 46
63 46
75 46
90 46
91 46
98 46
102 46
5 47
26 47
29 47
32 47
37 47
44 47
45 47
51 47
55 47
56 47
63 47
75 47
90 47
91 47
98 47
102 47
5 48
26 48
29 48
32 48
37 48
44 48
45 48
51 48
55 48
56 48
63 48
75 48
90 48
91 48
98 48
102 48
5 49
26 49
29 49
32 49
37 49
44 49
45 49
51 49
55 49
56 49
63 49
75 49
78 49
88 49
90 49
91 49
95 49
98 49
102 49
4 50
26 50
29 50
32 50
37 50
44 50
45 50
51 50
55 50
56 50
63 50
71 50
74 50
75 50
89 50
90 50
91 50
95 50
96 50
98 50
100 50
102 50
1 51
29 51
56 51
68 51
1 52
24 52
25 52
43 52
52 52
2 53
24 53
26 53
56 53
63 53
68 53
101 53
2 54
26 54
29 54
62 54
63 54
2 55
9 55
26 55
29 55
30 55
32 55
44 55
52 55
61 55
63 55
75 55
2 56
26 56
29 56
62 56
63 56
1 57
2 57
28 57
29 57
37 57
40 57
63 57
68 57
2 58
6 58
23 58
29 58
30 58
56 58
58 58
61 58
63 58
2 59
23 59
29 59
30 59
56 59
58 59
61 59
63 59
94 59
2 60
23 60
29 60
30 60
56 60
58 60
61 60
63 60
94 60
2 61
23 61
24 61
26 61
43 61
49 61
56 61
58 61
62 61
63 61
69 61
94 61
95 61
2 62
3 62
24 62
28 62
38 62
39 62
42 62
68 62
2 63
23 63
30 63
32 63
56 63
58 63
63 63
94 63
4 64
29 64
27 64
30 64
32 64
34 64
35 64
40 64
41 64
43 64
53 64
55 64
56 64
58 64
64 64
68 64
70 64
74 64
78 64
86 64
87 64
94 64
102 64
4 65
5 65
8 65
14 65
15 65
29 65
30 65
32 65
37 65
40 65
44 65
94 65
4 66
7 66
8 66
10 66
14 66
15 66
16 66
17 66
18 66
19 66
20 66
21 66
22 66
29 66
32 66
35 66
36 66
37 66
56 66
68 66
81 66
82 66
83 66
87 66
100 66
101 66
102 66
4 67
5 67
26 67
27 67
29 67
32 67
56 67
63 67
74 67
75 67
78 67
87 67
101 67
4 68
5 68
7 68
8 68
29 68
30 68
32 68
45 68
51 68
53 68
55 68
56 68
63 68
70 68
74 68
75 68
85 68
91 68
98 68
101 68
102 68
6 69
24 69
25 69
28 69
36 69
56 69
63 69
68 69
8 70
9 70
15 70
16 70
30 70
32 70
37 70
39 70
8 71
9 71
12 71
14 71
15 71
16 71
17 71
21 71
22 71
27 71
29 71
30 71
32 71
37 71
51 71
2 72
4 72
8 72
9 72
10 72
12 72
14 72
15 72
16 72
17 72
18 72
20 72
21 72
22 72
27 72
29 72
30 72
32 72
37 72
41 72
51 72
4 73
5 73
8 73
9 73
10 73
14 73
15 73
16 73
17 73
18 73
20 73
21 73
22 73
26 73
27 73
29 73
32 73
37 73
40 73
41 73
44 73
51 73
78 73
80 73
81 73
82 73
83 73
84 73
101 73
2 74
23 74
29 74
30 74
56 74
58 74
61 74
63 74
94 74
24 75
53 75
56 75
63 75
70 75
24 76
53 76
56 76
63 76
70 76
24 77
53 77
56 77
58 77
63 77
68 77
70 77
23 78
25 78
29 78
30 78
31 78
53 78
56 78
60 78
63 78
68 78
70 78
73 78
79 78
23 79
26 79
29 79
30 79
31 79
43 78
45 79
56 79
58 79
60 79
63 79
94 79
23 80
29 80
32 80
45 80
55 80
56 80
63 80
74 80
75 80
94 80
4 81
7 81
26 81
29 81
32 81
44 81
55 81
56 81
57 81
63 81
68 81
70 81
75 81
85 81
86 81
4 82
8 82
19 82
21 82
22 82
26 82
29 82
32 82
37 82
44 82
45 82
51 82
55 82
56 82
57 82
58 82
63 82
64 82
85 82
92 82
100 82
102 82
11 83
26 83
34 83
35 83
45 83
48 84
55 83
56 83
59 83
63 83
70 83
72 83
102 83
26 84
45 84
55 84
56 84
57 84
63 84
65 84
70 84
86 84
102 84
11 85
23 85
26 85
43 85
45 85
49 85
51 85
56 85
62 85
63 85
64 85
74 85
86 85
87 85
93 85
94 85
2 86
30 86
45 86
55 86
56 86
62 86
74 86
94 86
102 86
2 87
26 87
30 87
55 87
56 87
57 87
58 87
62 87
63 87
64 87
94 87
26 88
29 88
30 88
55 88
56 88
57 88
58 88
62 88
63 88
74 88
75 88
95 88
26 89
29 89
30 89
55 89
56 89
57 89
58 89
62 89
63 89
74 89
75 89
95 89
26 90
29 90
30 90
55 90
56 90
57 90
58 90
62 90
63 90
74 90
75 90
95 90
26 91
29 91
30 91
55 91
56 91
57 91
58 91
62 91
63 91
74 91
75 91
95 91
26 92
29 92
30 92
55 92
56 92
57 92
58 92
62 92
63 92
74 92
75 92
95 92
26 93
29 93
30 93
55 93
56 93
57 93
58 93
62 93
63 93
74 93
75 93
95 93
26 94
29 94
30 94
55 94
56 94
57 94
58 94
62 94
63 94
74 94
75 94
95 94
26 95
29 95
30 95
55 95
56 95
57 95
58 95
62 95
63 95
74 95
75 95
95 95
26 96
29 96
30 96
55 96
56 96
57 96
58 96
62 96
63 96
74 96
75 96
95 96
26 97
29 97
30 97
55 97
56 97
57 97
58 97
62 97
63 97
74 97
75 97
95 97
26 98
29 98
30 98
55 98
56 98
57 98
58 98
62 98
63 98
74 98
75 98
95 98
26 99
29 99
30 99
55 99
56 99
57 99
58 99
62 99
63 99
74 99
75 99
95 99
26 100
29 100
30 100
55 100
56 100
57 100
58 100
62 100
63 100
74 100
75 100
95 100
26 101
29 101
30 101
55 101
56 101
57 101
58 101
62 101
63 101
74 101
75 101
95 101
26 102
29 102
30 102
55 102
56 102
57 102
58 102
62 102
63 102
74 102
75 102
95 102
26 103
29 103
30 103
55 103
56 103
57 103
58 103
62 103
63 103
74 103
75 103
95 103
26 104
29 104
30 104
55 104
56 104
57 104
58 104
62 104
63 104
74 104
75 104
95 104
26 105
29 105
30 105
55 105
56 105
57 105
58 105
62 105
63 105
74 105
75 105
95 105
26 106
29 106
30 106
55 106
56 106
57 106
58 106
62 106
63 106
74 106
75 106
95 106
26 107
29 107
30 107
55 107
56 107
57 107
58 107
62 107
63 107
74 107
75 107
95 107
26 108
29 108
30 108
55 108
56 108
57 108
58 108
62 108
63 108
74 108
75 108
95 108
26 109
29 109
30 109
55 109
56 109
57 109
58 109
62 109
63 109
74 109
75 109
95 109
26 110
29 110
30 110
55 110
56 110
57 110
58 110
61 110
62 110
63 110
74 110
75 110
95 110
3 111
6 111
24 111
26 111
29 111
30 111
55 111
56 111
57 111
58 111
61 111
62 111
63 111
74 111
75 111
95 111
26 112
29 112
30 112
55 112
56 112
57 112
58 112
61 112
62 112
63 112
74 112
75 112
95 112
26 113
29 113
30 113
55 113
56 113
57 113
58 113
61 113
62 113
63 113
74 113
75 113
95 113
26 114
29 114
30 114
55 114
56 114
57 114
58 114
61 114
62 114
63 114
74 114
75 114
95 114
2 115
26 115
29 115
30 115
55 115
56 115
57 115
58 115
61 115
62 115
63 115
74 115
75 115
95 115
26 116
29 116
30 116
55 116
56 116
57 116
58 116
61 116
62 116
63 116
74 116
75 116
95 116
26 117
29 117
30 117
55 117
56 117
57 117
58 117
61 117
62 117
63 117
74 117
75 117
95 117
26 118
29 118
30 118
32 118
55 118
56 118
57 118
58 118
61 118
62 118
63 118
74 118
75 118
95 118
26 119
29 119
30 119
32 119
55 119
56 119
57 119
58 119
61 119
62 119
63 119
74 119
75 119
95 119
26 120
29 120
30 120
55 120
56 120
57 120
58 120
61 120
62 120
63 120
74 120
75 120
95 120
26 121
29 121
30 121
55 121
56 121
57 121
58 121
61 121
62 121
63 121
74 121
75 121
95 121
26 122
29 122
30 122
55 122
56 122
57 122
58 122
61 122
62 122
63 122
74 122
75 122
95 122
26 123
29 123
30 123
55 123
56 123
57 123
58 123
61 123
62 123
63 123
74 123
75 123
95 123
26 124
29 124
30 124
55 124
56 124
57 124
58 124
61 124
62 124
63 124
74 124
75 124
95 124
26 125
29 125
30 125
55 125
56 125
57 125
58 125
61 125
62 125
63 125
74 125
75 125
95 125
23 126
25 126
26 126
29 126
30 126
34 126
48 126
55 126
56 126
57 126
58 126
61 126
62 126
63 126
74 126
75 126
95 126
26 127
29 127
30 127
55 127
56 127
57 127
58 127
61 127
62 127
63 127
74 127
75 127
95 127
26 128
29 128
30 128
55 128
56 128
57 128
58 128
62 128
63 128
69 128
71 128
74 128
75 128
95 128
26 129
29 129
30 129
55 129
56 129
57 129
58 129
62 129
63 129
69 129
71 129
74 129
75 129
95 129
26 130
29 130
30 130
55 130
56 130
57 130
58 130
62 130
63 130
69 130
71 130
74 130
75 130
95 130
26 131
29 131
30 131
55 131
56 131
57 131
58 131
62 131
63 131
69 131
71 131
74 131
75 131
95 131
26 132
29 132
30 132
55 132
56 132
57 132
58 132
62 132
63 132
69 132
71 132
74 132
75 132
95 132
26 133
29 133
30 133
55 133
56 133
57 133
58 133
62 133
63 133
69 133
71 133
74 133
75 133
95 133
26 134
29 134
30 134
55 134
56 134
57 134
58 134
62 134
63 134
69 134
71 134
74 134
75 134
95 134
26 135
29 135
30 135
55 135
56 135
57 135
58 135
62 135
63 135
69 135
71 135
74 135
75 135
95 135
4 136
8 136
26 136
29 136
32 136
37 136
45 136
48 136
51 136
53 136
55 136
56 136
62 136
63 136
70 136
74 136
75 136
93 136
4 137
25 137
26 137
27 137
37 137
44 137
45 137
51 137
56 137
63 137
68 137
70 137
74 137
92 137
95 137
4 138
25 138
26 138
27 138
29 138
32 138
37 138
44 138
45 138
51 138
55 138
56 138
63 138
68 138
70 138
74 138
85 138
87 138
88 138
95 138
4 139
5 139
7 139
25 139
26 139
27 139
29 139
30 129
32 139
37 139
44 139
45 139
51 139
55 139
56 139
62 139
63 139
68 139
70 139
74 139
75 139
95 139
102 139
4 140
26 140
29 140
32 140
37 140
44 140
45 140
51 140
55 140
56 140
63 140
70 140
74 140
75 140
87 140
89 140
90 140
91 140
92 140
98 140
102 140
4 141
26 141
29 141
32 141
37 141
44 141
45 141
51 141
55 141
56 141
63 141
70 141
71 141
74 141
75 141
87 141
89 141
90 141
91 141
98 141
102 141
4 142
26 142
29 142
32 142
37 142
44 142
45 142
51 142
55 142
56 142
63 142
70 142
71 142
74 142
75 142
87 142
89 142
102 142
4 143
26 143
29 143
32 143
37 143
44 143
45 143
51 143
55 143
56 143
63 143
70 143
71 143
74 143
75 143
87 143
89 143
102 143
4 144
26 144
29 144
32 144
37 144
44 144
45 144
51 144
55 144
56 144
63 144
70 144
71 144
74 144
75 144
87 144
89 144
102 144
4 145
26 145
29 145
32 145
37 145
44 145
45 145
51 145
55 145
56 145
63 145
70 145
71 145
74 145
75 145
87 145
89 145
102 145
4 146
23 146
30 146
32 146
56 146
58 146
63 146
94 146
4 147
23 147
30 147
32 147
56 147
58 147
63 147
94 147
23 148
30 148
32 148
56 148
58 148
63 148
94 148
95 148
23 149
30 149
32 149
56 149
58 149
63 149
94 149
23 150
30 150
32 150
56 150
58 150
63 150
64 150
94 150
95 150
4 151
26 151
29 151
32 151
37 151
44 151
45 151
51 151
55 151
56 151
63 151
70 151
74 151
75 151
87 151
88 151
89 151
90 151
91 151
92 151
98 151
102 151
4 152
26 152
29 152
32 152
37 152
44 152
45 152
51 152
55 152
56 152
63 152
70 152
71 152
74 152
75 152
87 152
89 152
90 152
91 152
98 152
102 152
4 153
26 153
29 153
32 153
37 153
44 153
45 153
51 153
55 153
56 153
63 153
70 153
74 153
75 153
102 153
4 154
26 154
29 154
32 154
37 154
44 154
45 154
51 154
55 154
56 154
63 154
70 154
71 154
74 154
75 154
87 154
89 154
90 154
91 154
98 154
102 154
4 155
26 155
29 155
32 155
37 155
44 155
45 155
51 155
55 155
56 155
63 155
70 155
71 155
74 155
75 155
87 155
89 155
90 155
91 155
98 155
102 155
4 156
26 156
29 156
32 156
37 156
44 156
45 156
51 156
55 156
56 156
63 156
70 156
71 156
74 156
75 156
87 156
89 156
102 156
4 157
26 157
29 157
32 157
37 157
44 157
45 157
51 157
55 157
56 157
63 157
70 157
74 157
75 157
87 157
89 157
90 157
91 157
98 157
102 157
4 158
7 158
9 158
16 158
17 158
28 158
20 158
22 158
25 158
26 158
29 158
32 158
37 158
44 158
45 158
51 158
55 158
56 158
63 158
70 158
74 158
75 158
102 158
4 159
26 159
29 159
32 159
37 159
44 159
45 159
51 159
55 159
56 159
63 159
70 159
74 159
75 159
87 159
89 159
90 159
91 159
98 159
102 159
2 160
4 160
26 160
29 160
32 160
33 160
37 160
51 160
55 160
56 160
63 160
74 160
75 160
86 160
89 160
95 160
101 160
102 160
4 161
26 161
29 161
32 161
37 161
44 161
45 161
51 161
55 161
56 161
63 161
70 161
71 161
74 161
75 161
87 161
89 161
90 161
91 161
98 161
102 161
25 162
26 162
29 162
45 162
51 162
55 162
56 162
57 162
63 162
70 162
74 162
87 162
89 162
90 162
8 163
19 163
25 163
26 163
29 163
32 163
44 163
45 163
51 163
55 163
56 163
57 163
61 163
63 163
70 163
74 163
87 163
89 163
90 163
91 163
98 163
100 163
102 163
8 164
15 164
16 164
19 164
20 164
21 164
25 164
26 164
29 164
32 164
44 164
45 164
51 164
55 164
56 164
57 164
61 164
63 164
70 164
74 164
75 164
87 164
89 164
90 164
91 164
98 164
100 164
102 164
4 165
23 165
25 165
26 165
35 165
45 165
49 165
55 165
56 165
57 165
58 165
63 165
64 165
70 165
72 165
87 165
90 165
94 165
23 166
25 166
26 166
29 166
32 166
35 166
37 166
44 166
45 166
51 166
55 166
56 166
57 166
58 166
61 166
63 166
64 166
68 166
70 166
86 166
87 166
89 166
90 166
91 166
98 166
7 167
8 167
9 167
10 167
11 167
17 167
18 167
20 167
21 167
22 167
23 167
25 167
26 167
31 167
34 167
35 167
41 167
44 167
45 167
48 167
49 167
55 167
56 167
57 167
58 167
64 167
72 167
74 167
90 167
94 167
95 167
29 168
38 168
44 168
45 168
55 168
56 168
58 168
63 168
64 168
68 168
70 168
90 168
91 168
98 168
4 169
26 169
29 169
30 169
32 169
44 169
45 169
51 169
53 169
55 169
56 169
63 169
68 169
70 169
74 169
75 169
85 169
87 169
89 169
92 169
94 169
19 170
25 170
26 170
29 170
30 170
32 170
37 170
44 170
45 170
51 170
55 170
56 170
57 170
63 170
68 170
70 170
74 170
87 170
89 170
92 170
25 171
26 171
29 171
32 171
37 171
44 171
45 171
51 171
55 171
56 171
63 171
70 171
74 171
87 171
89 171
92 171
4 172
25 172
26 172
29 172
32 172
37 172
45 172
51 172
56 172
63 172
71 172
85 172
86 172
87 172
99 172
101 172
25 173
26 173
29 173
37 173
38 173
44 173
45 173
51 173
55 173
56 173
57 173
63 173
64 173
70 173
86 173
101 173
25 174
26 174
29 174
37 174
38 174
44 174
45 174
51 174
55 174
56 174
57 174
63 174
64 174
70 174
86 174
101 174
25 175
26 175
29 175
38 175
44 175
45 175
51 175
55 175
56 175
57 175
63 175
64 175
67 175
70 175
86 175
92 175
101 175
104 175
25 176
26 176
29 176
32 176
37 176
45 176
51 176
56 176
63 176
71 176
78 176
85 176
86 176
87 176
88 176
96 176
99 176
101 176
25 177
26 177
29 177
32 177
37 177
45 177
51 177
56 177
63 177
71 177
85 177
87 177
99 177
101 177
26 178
29 178
30 178
32 178
44 178
45 178
51 178
55 178
56 178
63 178
70 178
74 178
87 178
88 178
89 178
90 178
92 178
19 179
21 179
22 179
26 179
29 179
30 179
32 179
37 179
44 179
45 179
51 179
55 179
56 179
57 179
58 179
63 179
64 179
70 179
74 179
87 179
88 179
89 179
90 179
92 179
100 179
102 179
104 179
4 180
25 180
26 180
29 180
32 180
37 180
45 180
51 180
55 180
56 180
58 180
63 180
71 180
78 180
86 180
87 180
88 180
90 180
91 180
92 180
96 180
98 180
25 181
26 181
29 181
30 181
32 181
37 181
44 181
45 181
51 181
55 181
56 181
57 181
63 181
70 181
74 181
87 181
89 181
92 181
25 182
26 182
29 182
37 182
44 182
45 182
51 182
55 182
56 182
57 182
63 182
70 182
86 182
92 182
104 182
25 183
26 183
29 183
32 183
37 183
44 183
45 183
51 183
55 183
56 183
63 183
70 183
74 183
87 183
89 183
92 183
25 184
26 184
29 184
38 184
44 184
45 184
51 184
55 184
56 184
57 184
63 184
64 184
67 184
70 184
86 184
92 184
101 184
104 184
8 185
25 185
26 185
29 185
30 185
32 185
37 185
44 185
45 185
51 185
55 185
56 185
63 185
70 185
74 185
75 185
85 185
87 185
92 185
99 185
102 185
25 186
26 186
29 186
32 186
37 186
45 186
51 186
56 186
63 186
71 186
85 186
86 186
87 186
99 186
101 186
26 187
29 187
30 187
32 187
44 187
45 187
51 187
55 187
56 187
63 187
70 187
74 187
87 187
88 187
89 187
90 187
92 187
26 188
29 188
30 188
32 188
37 188
44 188
45 188
51 188
55 188
56 188
57 188
58 188
63 188
65 188
70 188
74 188
75 188
87 188
88 188
89 188
90 188
92 188
100 188
102 188
104 188
26 189
27 189
29 189
30 189
32 189
44 189
45 189
51 189
55 189
56 189
63 189
65 189
74 189
92 189
102 189
103 189
105 189
8 190
25 190
26 190
29 190
30 190
32 190
37 190
44 190
45 190
51 190
55 190
56 190
63 190
70 190
74 190
75 190
85 190
87 190
92 190
99 190
102 190
4 191
8 191
15 191
16 191
17 191
18 191
25 191
26 191
29 191
32 191
37 191
44 191
45 191
51 191
55 191
56 191
63 191
70 191
74 191
85 191
87 191
88 191
89 191
92 191
101 191
102 191
4 192
5 192
25 192
26 192
29 192
32 192
37 192
44 192
45 192
51 192
55 192
56 192
63 192
70 192
74 192
85 192
86 192
87 192
88 192
92 192
102 192
25 193
26 193
29 193
32 193
37 193
44 193
45 193
51 193
55 193
56 193
63 193
70 193
74 193
78 193
85 193
87 193
88 193
8 194
25 194
26 194
29 194
32 194
37 194
44 194
45 194
51 194
55 194
56 194
63 194
70 194
74 194
85 194
87 194
88 194
90 194
91 194
95 194
97 194
98 194
102 194
25 195
26 195
29 195
35 195
37 195
44 195
45 195
48 195
51 195
55 195
56 195
57 195
63 195
64 195
70 195
85 195
87 195
88 195
89 195
8 196
25 196
26 196
29 196
37 196
44 196
45 196
51 196
55 196
56 196
63 196
70 196
74 196
85 196
87 196
88 196
89 196
4 197
8 197
25 197
26 197
29 197
37 197
44 197
45 197
51 197
55 197
56 197
63 197
70 197
74 197
75 197
85 197
87 197
88 197
89 197
95 197
97 197
101 197
102 197
25 198
26 198
29 198
37 198
44 198
45 198
51 198
55 198
56 198
63 198
70 198
74 198
75 198
85 198
87 198
89 198
93 198
96 198
97 198
25 199
26 199
29 199
37 199
44 199
45 199
51 199
55 199
56 199
63 199
70 199
74 199
75 199
85 199
87 199
89 199
96 199
97 199
25 200
26 200
29 200
37 200
44 200
45 200
51 200
55 200
56 200
63 200
70 200
74 200
75 200
85 200
87 200
89 200
93 200
96 200
97 200
25 201
26 201
29 201
32 201
37 201
45 201
51 201
56 201
63 201
71 201
85 201
87 201
88 201
96 201
99 201
25 202
26 202
29 202
37 202
44 202
45 202
51 202
55 202
56 202
63 202
70 202
74 202
85 202
87 202
88 202
89 202
93 202
96 202
97 202
102 202
25 203
26 203
29 203
37 203
44 203
45 203
51 203
55 203
56 203
63 203
70 203
74 203
75 203
85 203
87 203
89 203
96 203
97 203
25 204
26 204
29 204
35 204
37 204
44 204
45 204
51 204
55 204
56 204
57 204
63 204
64 204
70 204
85 204
87 204
88 204
89 204
96 204
4 205
25 205
26 205
29 205
30 205
32 205
44 205
45 205
51 205
55 205
56 205
63 205
70 205
71 205
74 205
75 205
95 205
102 205
25 206
26 206
29 206
30 206
32 206
44 206
45 206
51 206
55 206
56 206
63 206
70 206
71 206
74 206
75 206
86 206
101 206
102 206
25 207
26 207
29 207
30 207
32 207
44 207
45 207
51 207
55 207
56 207
63 207
70 207
71 207
74 207
75 207
86 207
100 207
101 207
102 207
25 208
26 208
29 208
30 208
32 208
44 208
45 208
51 208
55 208
56 208
63 208
70 208
71 208
74 208
75 208
86 208
100 208
101 208
102 208
103 208
105 208
25 209
26 209
29 209
32 209
37 209
38 209
44 209
45 209
51 209
55 209
56 209
63 209
65 209
74 209
86 209
101 209
25 210
26 210
29 210
32 210
37 210
44 210
45 210
51 210
55 210
56 210
63 210
65 210
70 210
71 210
74 210
75 210
76 210
86 210
90 210
91 210
98 210
100 210
102 210
4 211
5 211
26 211
27 211
29 211
32 211
44 211
45 211
51 211
55 211
56 211
63 211
71 211
74 211
78 211
94 211
95 211
102 211
4 212
5 212
25 212
26 212
27 212
29 212
32 212
33 212
37 212
44 212
45 212
46 212
48 212
51 212
55 212
56 212
57 212
63 212
64 212
68 212
69 212
70 212
71 212
74 212
75 212
76 212
95 212
4 213
5 213
25 213
26 213
27 213
29 213
32 213
33 213
37 213
44 213
45 213
51 213
55 213
56 213
57 213
62 213
63 213
64 213
68 213
69 213
70 213
71 213
74 213
75 213
76 213
95 213
4 214
5 214
25 214
26 214
27 214
29 214
32 214
33 214
37 214
44 214
45 214
48 214
51 214
55 214
56 214
63 214
70 214
74 214
75 214
95 214
96 214
4 215
5 215
25 215
26 215
27 215
29 215
32 215
33 215
37 215
44 215
45 215
48 215
51 215
55 215
56 215
63 215
70 215
74 215
75 215
95 215
4 216
7 216
26 216
27 216
29 216
32 216
33 216
37 216
49 216
51 216
56 216
63 216
64 216
67 216
68 216
69 216
71 216
74 216
78 216
85 216
95 216
96 216
102 216
4 217
5 217
26 217
27 217
29 217
30 217
32 217
33 217
37 217
44 217
45 217
48 217
51 217
52 217
55 217
56 217
63 217
68 217
70 217
74 217
78 217
95 217
102 217
4 218
5 218
26 218
27 218
29 218
30 218
32 218
33 218
37 218
44 218
45 218
48 218
49 218
51 218
55 218
56 218
63 218
67 218
68 218
69 218
70 218
71 218
74 218
78 218
95 218
96 218
102 218
4 219
26 219
27 219
29 219
32 219
44 219
45 219
51 219
55 219
56 219
63 219
71 219
74 219
77 219
85 219
102 219
4 220
7 220
8 220
26 220
27 220
29 220
32 220
33 220
44 220
45 220
51 220
55 220
56 220
63 220
70 220
71 220
74 220
75 220
102 220
4 221
26 221
29 221
32 221
44 221
45 221
51 221
55 221
56 221
63 221
71 221
74 221
85 221
88 221
95 221
96 221
101 221
102 221
4 222
26 222
29 222
32 222
44 222
45 222
51 222
55 222
56 222
63 222
71 222
74 222
95 222
102 222
7 223
26 223
27 223
29 223
30 223
32 223
44 223
45 223
51 223
55 223
56 223
62 223
63 223
68 223
74 223
75 223
95 223
96 223
102 223
8 224
9 224
10 224
14 224
15 224
16 224
17 224
18 224
19 224
21 224
22 224
25 224
26 224
30 224
32 224
33 224
35 224
36 224
37 224
39 224
41 224
42 224
43 224
46 224
51 224
52 224
56 224
68 224
70 224
74 224
82 224
102 224
103 224
105 224
4 225
26 225
29 225
30 225
32 225
45 225
49 225
51 225
55 225
56 225
57 225
58 225
61 225
63 225
68 225
70 225
73 225
78 225
79 225
85 225
86 225
87 225
89 225
26 226
29 226
32 226
44 226 
45 226
49 226
51 226
56 226
63 226
69 226
70 226
71 226
74 226
78 226
85 226
87 226
89 226
99 226
102 226
26 227
29 227
32 227
44 227 
45 227
49 227
51 227
56 227
63 227
69 227
70 227
71 227
74 227
78 227
85 227
86 227
87 227
89 227
99 227
102 227
26 228
29 228
32 228
44 228 
45 228
49 228
51 228
53 228
56 228
63 228
69 228
70 228
71 228
74 228
78 228
85 228
86 228
87 228
89 228
93 228
94 228
95 228
99 228
102 228
4 229
26 229
29 229
30 229
32 229
33 229
51 229
53 229
55 229
56 229
63 229
68 229
70 229
74 229
75 229
78 229
85 229
87 229
102 229
4 230
26 230
29 230
30 230
32 230
33 230
51 230
55 230
56 230
63 230
68 230
70 230
74 230
75 230
87 230
88 230
102 230
4 231
26 231
29 231
30 231
32 231
33 231
51 231
55 231
56 231
63 231
68 231
70 231
74 231
75 231
87 231
90 231
91 231
24 232
25 232
26 232
27 232
41 232
42 232
43 232
47 232
48 232
51 232
56 232
63 232
68 232
70 232
74 232
95 232
102 232
4 233
29 233
54 233
61 233
63 233
72 233
73 233
79 233
85 233
26 234
29 234
44 234
45 234
56 234
58 234
61 234
63 234
64 234
70 234
23 235
26 235
34 235
44 235
45 235
47 235
48 235
49 235
56 235
59 235
61 235
63 235
79 235
94 235
26 236
29 236
45 236
49 236
56 236
59 236
63 236
94 236
2 237
23 237
25 237
26 237
30 237
34 237
41 237
43 237
44 237
47 237
48 237
55 237
56 237
58 237
61 237
63 237
74 237
93 237
94 237
9 238
23 238
26 238
31 238
34 238
54 238
56 238
59 238
61 238
63 238
73 238
79 238
94 238
4 239
23 239
25 239
26 239
34 239
48 239
56 239
59 239
61 239
63 239
72 239
74 239
79 239
94 239
95 239
25 240
29 240
44 240
45 240
48 240
53 240
55 240
56 240
57 240
63 240
64 240
68 240
70 240
6 241
11 241
23 241
25 241
26 241
29 241
30 241
32 241
33 241
34 241
35 241
44 241
45 241
48 241
51 241
52 241
55 241
56 241
63 241
70 241
74 241
86 241
101 241
1 242
24 242
25 242
27 242
30 242
39 242
41 242
42 242
43 242
46 242
48 242
49 242
53 242
56 242
63 242
26 243
29 243
32 243
36 243
37 243
45 243
49 243
51 243
55 243
56 243
63 243
67 243
68 243
69 243
74 243
78 243
101 243
102 243
105 243
26 244
27 244
29 244
30 244
32 244
37 244
44 244
45 244
51 244
55 244
56 244
68 244
69 244
71 244
77 244
78 244
102 244